   6.4714999999999998       0.12445000000000001        1.0000000000000000E-002
   6.5175000000000001       0.12429999999999999        1.0000000000000000E-002
   6.4957000000000003       0.12410000000000000        1.0000000000000000E-002
   6.4169000000000000       0.12410000000000000        1.0000000000000000E-002
   6.2858999999999998       0.12385000000000000        1.0000000000000000E-002
   6.2283999999999997       0.12379999999999999        1.0000000000000000E-002
   6.1677999999999997       0.12379999999999999        1.0000000000000000E-002
   6.1864999999999997       0.12385000000000000        1.0000000000000000E-002
   6.2755999999999998       0.12354999999999999        1.0000000000000000E-002
   6.3281999999999998       0.12335000000000000        1.0000000000000000E-002
   6.2819000000000003       0.12345000000000000        1.0000000000000000E-002
   6.1684000000000001       0.12370000000000000        1.0000000000000000E-002
   6.0854999999999997       0.12400000000000000        1.0000000000000000E-002
   6.0105000000000004       0.12390000000000000        1.0000000000000000E-002
   5.9131000000000000       0.12365000000000000        1.0000000000000000E-002
   5.9093999999999998       0.12375000000000000        1.0000000000000000E-002
   6.0317999999999996       0.12415000000000000        1.0000000000000000E-002
   6.2126999999999999       0.12440000000000000        1.0000000000000000E-002
   6.3251999999999997       0.12445000000000001        1.0000000000000000E-002
   6.3794000000000004       0.12440000000000000        1.0000000000000000E-002
   6.4135999999999997       0.12445000000000001        1.0000000000000000E-002
   6.4329999999999998       0.12429999999999999        1.0000000000000000E-002
   6.4073000000000002       0.12420000000000000        1.0000000000000000E-002
   6.3918999999999997       0.12395000000000000        1.0000000000000000E-002
   6.3318000000000003       0.12375000000000000        1.0000000000000000E-002
   6.2938999999999998       0.12354999999999999        1.0000000000000000E-002
   6.3520000000000003       0.12345000000000000        1.0000000000000000E-002
   6.4019000000000004       0.12360000000000000        1.0000000000000000E-002
   6.4763000000000002       0.12360000000000000        1.0000000000000000E-002
   6.4668999999999999       0.12354999999999999        1.0000000000000000E-002
   6.4574999999999996       0.12350000000000000        1.0000000000000000E-002
   6.3625999999999996       0.12354999999999999        1.0000000000000000E-002
   6.2651000000000003       0.12375000000000000        1.0000000000000000E-002
   6.1120000000000001       0.12395000000000000        1.0000000000000000E-002
   6.0450999999999997       0.12395000000000000        1.0000000000000000E-002
   6.1138000000000003       0.12370000000000000        1.0000000000000000E-002
   6.2647000000000004       0.12360000000000000        1.0000000000000000E-002
   6.2899000000000003       0.12350000000000000        1.0000000000000000E-002
   6.2847999999999997       0.12345000000000000        1.0000000000000000E-002
   6.2850000000000001       0.12340000000000000        1.0000000000000000E-002
   6.3285000000000000       0.12315000000000000        1.0000000000000000E-002
   6.3921000000000001       0.12300000000000000        1.0000000000000000E-002
   6.5027999999999997       0.12290000000000000        1.0000000000000000E-002
   6.6483999999999996       0.12295000000000000        1.0000000000000000E-002
   6.7492999999999999       0.12280000000000001        1.0000000000000000E-002
   6.7843000000000000       0.12270000000000000        1.0000000000000000E-002
   6.8079000000000001       0.12295000000000000        1.0000000000000000E-002
   6.8446999999999996       0.12315000000000000        1.0000000000000000E-002
   6.8272000000000004       0.12310000000000000        1.0000000000000000E-002
   6.7682000000000002       0.12300000000000000        1.0000000000000000E-002
   6.7424999999999997       0.12295000000000000        1.0000000000000000E-002
   6.8026000000000000       0.12285000000000000        1.0000000000000000E-002
   6.8564999999999996       0.12270000000000000        1.0000000000000000E-002
   6.9635999999999996       0.12260000000000000        1.0000000000000000E-002
   7.1231999999999998       0.12255000000000001        1.0000000000000000E-002
   7.1996000000000002       0.12250000000000000        1.0000000000000000E-002
   7.3041999999999998       0.12235000000000000        1.0000000000000000E-002
   7.4165999999999999       0.12225000000000000        1.0000000000000000E-002
   7.5132000000000003       0.12235000000000000        1.0000000000000000E-002
   7.4497000000000000       0.12260000000000000        1.0000000000000000E-002
   7.3861999999999997       0.12285000000000000        1.0000000000000000E-002
   7.3670999999999998       0.12305000000000001        1.0000000000000000E-002
   7.4154999999999998       0.12340000000000000        1.0000000000000000E-002
   7.5651000000000002       0.12379999999999999        1.0000000000000000E-002
   7.7115000000000000       0.12370000000000000        1.0000000000000000E-002
   7.8137999999999996       0.12360000000000000        1.0000000000000000E-002
   7.8821000000000003       0.12345000000000000        1.0000000000000000E-002
   7.8826999999999998       0.12330000000000001        1.0000000000000000E-002
   7.8780999999999999       0.12345000000000000        1.0000000000000000E-002
   7.9429999999999996       0.12350000000000000        1.0000000000000000E-002
   8.1044999999999998       0.12354999999999999        1.0000000000000000E-002
   8.2759999999999998       0.12370000000000000        1.0000000000000000E-002
   8.4010999999999996       0.12404999999999999        1.0000000000000000E-002
   8.5360999999999994       0.12420000000000000        1.0000000000000000E-002
   8.6895000000000007       0.12420000000000000        1.0000000000000000E-002
   8.7467000000000006       0.12429999999999999        1.0000000000000000E-002
   8.7636000000000003       0.12425000000000000        1.0000000000000000E-002
   8.8095999999999997       0.12420000000000000        1.0000000000000000E-002
   8.8743999999999996       0.12390000000000000        1.0000000000000000E-002
   9.0242000000000004       0.12365000000000000        1.0000000000000000E-002
   9.0731000000000002       0.12390000000000000        1.0000000000000000E-002
   9.0147999999999993       0.12379999999999999        1.0000000000000000E-002
   8.9452999999999996       0.12395000000000000        1.0000000000000000E-002
   8.9795999999999996       0.12390000000000000        1.0000000000000000E-002
   9.1031999999999993       0.12375000000000000        1.0000000000000000E-002
   9.2565000000000008       0.12375000000000000        1.0000000000000000E-002
   9.3069000000000006       0.12385000000000000        1.0000000000000000E-002
   9.3132000000000001       0.12385000000000000        1.0000000000000000E-002
   9.3390000000000004       0.12365000000000000        1.0000000000000000E-002
   9.4076000000000004       0.12360000000000000        1.0000000000000000E-002
   9.4763000000000002       0.12354999999999999        1.0000000000000000E-002
   9.6149000000000004       0.12375000000000000        1.0000000000000000E-002
   9.6610999999999994       0.12415000000000000        1.0000000000000000E-002
   9.7392000000000003       0.12425000000000000        1.0000000000000000E-002
   9.8308000000000000       0.12435000000000000        1.0000000000000000E-002
   10.007000000000000       0.12454999999999999        1.0000000000000000E-002
   10.010680000000001       0.12465000000000000        1.0000000000000000E-002
   10.010740000000000       0.12465000000000000        1.0000000000000000E-002
   10.015230000000001       0.12470000000000001        1.0000000000000000E-002
   10.338400000000000       0.12475000000000000        1.0000000000000000E-002
   10.013579999999999       0.12475000000000000        1.0000000000000000E-002
   10.727499999999999       0.12479999999999999        1.0000000000000000E-002
   10.856100000000000       0.12495000000000001        1.0000000000000000E-002
   10.896500000000000       0.12500000000000000        1.0000000000000000E-002
   10.878700000000000       0.12525000000000000        1.0000000000000000E-002
   10.883400000000000       0.12525000000000000        1.0000000000000000E-002
   10.870600000000000       0.12504999999999999        1.0000000000000000E-002
   10.887000000000000       0.12460000000000000        1.0000000000000000E-002
   10.931800000000001       0.12435000000000000        1.0000000000000000E-002
   10.976100000000001       0.12404999999999999        1.0000000000000000E-002
   11.060700000000001       0.12395000000000000        1.0000000000000000E-002
   11.126099999999999       0.12370000000000000        1.0000000000000000E-002
   11.253900000000000       0.12365000000000000        1.0000000000000000E-002
   11.335100000000001       0.12375000000000000        1.0000000000000000E-002
   11.324199999999999       0.12379999999999999        1.0000000000000000E-002
   11.392899999999999       0.12365000000000000        1.0000000000000000E-002
   11.559699999999999       0.12365000000000000        1.0000000000000000E-002
   11.697699999999999       0.12375000000000000        1.0000000000000000E-002
   11.727700000000000       0.12385000000000000        1.0000000000000000E-002
   11.714200000000000       0.12395000000000000        1.0000000000000000E-002
   11.700699999999999       0.12404999999999999        1.0000000000000000E-002
   11.741300000000001       0.12395000000000000        1.0000000000000000E-002
   11.830399999999999       0.12365000000000000        1.0000000000000000E-002
   11.948800000000000       0.12335000000000000        1.0000000000000000E-002
   12.087700000000000       0.12300000000000000        1.0000000000000000E-002
   12.139600000000000       0.12270000000000000        1.0000000000000000E-002
   12.195300000000000       0.12285000000000000        1.0000000000000000E-002
   12.316900000000000       0.12300000000000000        1.0000000000000000E-002
   12.447100000000001       0.12280000000000001        1.0000000000000000E-002
   12.434300000000000       0.12255000000000001        1.0000000000000000E-002
   12.451400000000000       0.12265000000000000        1.0000000000000000E-002
   12.528700000000001       0.12270000000000000        1.0000000000000000E-002
   12.528800000000000       0.12285000000000000        1.0000000000000000E-002
   12.587000000000000       0.12300000000000000        1.0000000000000000E-002
   12.715600000000000       0.12310000000000000        1.0000000000000000E-002
   12.863899999999999       0.12290000000000000        1.0000000000000000E-002
   12.982900000000001       0.12275000000000000        1.0000000000000000E-002
   13.071600000000000       0.12265000000000000        1.0000000000000000E-002
   13.133100000000001       0.12245000000000000        1.0000000000000000E-002
   13.159800000000001       0.12220000000000000        1.0000000000000000E-002
   13.257099999999999       0.12195000000000000        1.0000000000000000E-002
   13.299300000000001       0.12175000000000000        1.0000000000000000E-002
   13.332400000000000       0.12155000000000001        1.0000000000000000E-002
   13.405700000000000       0.12155000000000001        1.0000000000000000E-002
   13.482600000000000       0.12170000000000000        1.0000000000000000E-002
   13.558600000000000       0.12160000000000000        1.0000000000000000E-002
   13.598300000000000       0.12150000000000000        1.0000000000000000E-002
   13.710800000000001       0.12150000000000000        1.0000000000000000E-002
   13.871400000000000       0.12135000000000000        1.0000000000000000E-002
   13.976400000000000       0.12120000000000000        1.0000000000000000E-002
   14.081400000000000       0.12105000000000000        1.0000000000000000E-002
   14.115600000000001       0.12085000000000000        1.0000000000000000E-002
   14.190899999999999       0.12095000000000000        1.0000000000000000E-002
   14.337100000000000       0.12070000000000000        1.0000000000000000E-002
   14.460400000000000       0.12060000000000000        1.0000000000000000E-002
   14.469799999999999       0.12045000000000000        1.0000000000000000E-002
   14.495400000000000       0.12005000000000000        1.0000000000000000E-002
   14.529900000000000       0.11970000000000000        1.0000000000000000E-002
   14.530400000000000       0.11945000000000000        1.0000000000000000E-002
   14.459600000000000       0.11930000000000000        1.0000000000000000E-002
   14.463300000000000       0.11905000000000000        1.0000000000000000E-002
   14.547300000000000       0.11895000000000000        1.0000000000000000E-002
   14.675100000000000       0.11895000000000000        1.0000000000000000E-002
   14.749499999999999       0.11899999999999999        1.0000000000000000E-002
   14.863300000000001       0.11924999999999999        1.0000000000000000E-002
   14.978500000000000       0.11930000000000000        1.0000000000000000E-002
   15.001400000000000       0.11915000000000001        1.0999999999999999E-002
   15.032400000000001       0.11895000000000000        4.4699999999999997E-002
   15.172599999999999       0.11890000000000001        2.6900000000000000E-002
   15.279900000000000       0.11865000000000001        3.4200000000000001E-002
   15.285600000000001       0.11855000000000000        1.1469999999999999E-002
   15.307100000000000       0.11845000000000000        1.3500000000000000E-002
   15.306699999999999       0.11845000000000000        1.3370000000000000E-002
   15.292600000000000       0.11824999999999999       0.20019999999999999     
   15.368300000000000       0.11810000000000000       0.35830000000000001     
   15.512600000000001       0.11780000000000000       0.64319999999999999     
   15.616500000000000       0.11765000000000000       0.77290000000000003     
   15.669400000000000       0.11760000000000000       0.80640000000000001     
   15.705800000000000       0.11760000000000000       0.88580000000000003     
   15.705399999999999       0.11765000000000000       0.89700000000000002     
   15.704900000000000       0.11770000000000000       0.86929999999999996     
   15.691400000000000       0.11785000000000000       0.88460000000000005     
   15.685600000000001       0.11815000000000001       0.88719999999999999     
   15.649900000000001       0.11820000000000000       0.88080000000000003     
   15.577000000000000       0.11820000000000000       0.90129999999999999     
   15.582400000000000       0.11830000000000000        1.1215999999999999     
   15.615100000000000       0.11824999999999999        1.2386999999999999     
   15.727100000000000       0.11830000000000000        1.3228000000000000     
   15.753900000000000       0.11840000000000001        1.7121000000000000     
   15.831899999999999       0.11815000000000001        1.9996000000000000     
   15.909500000000000       0.11805000000000000        2.1364000000000001     
   15.895200000000001       0.11815000000000001        2.3216000000000001     
   15.917000000000000       0.11799999999999999        2.6031000000000000     
   15.931100000000001       0.11795000000000000        2.9796000000000000     
   15.967900000000000       0.11795000000000000        3.1313000000000000     
   16.034800000000001       0.11774999999999999        3.1916000000000002     
   16.065600000000000       0.11749999999999999        3.2728999999999999     
   16.039800000000000       0.11724999999999999        3.2412999999999998     
   16.041399999999999       0.11720000000000000        3.3637000000000001     
   16.063099999999999       0.11724999999999999        3.4830999999999999     
   16.075299999999999       0.11720000000000000        3.7364000000000002     
   16.085699999999999       0.11730000000000000        4.0189000000000004     
   16.120000000000001       0.11710000000000000        3.7862000000000000     
   16.220099999999999       0.11680000000000000        3.3266000000000000     
   16.327300000000001       0.11630000000000000        3.0882999999999998     
   16.330400000000001       0.11609999999999999        2.8246000000000002     
   16.300400000000000       0.11595000000000000        3.3597000000000001     
   16.318700000000000       0.11595000000000000        3.6272000000000002     
   16.360099999999999       0.11600000000000001        3.7025999999999999     
   16.380700000000001       0.11595000000000000        3.7717000000000001     
   16.401299999999999       0.11595000000000000        3.6444000000000001     
   16.363399999999999       0.11609999999999999        2.9600000000000000     
   16.296900000000001       0.11630000000000000        2.9683000000000002     
   16.248500000000000       0.11609999999999999        3.5123000000000002     
   16.186699999999998       0.11615000000000000        3.3054999999999999     
   16.137100000000000       0.11660000000000000        3.2008000000000001     
   16.141600000000000       0.11700000000000001        2.7004999999999999     
   16.164300000000001       0.11680000000000000        3.1829000000000001     
   16.202999999999999       0.11660000000000000        3.6878000000000002     
   16.227900000000002       0.11660000000000000        3.6936000000000000     
   16.256599999999999       0.11655000000000000        3.6833000000000000     
   16.277600000000000       0.11640000000000000        3.0451999999999999     
   16.256699999999999       0.11620000000000000        2.7578000000000000     
   16.217199999999998       0.11630000000000000        2.7380000000000000     
   16.179900000000000       0.11645000000000000        2.5314999999999999     
   16.190500000000000       0.11645000000000000        2.5209000000000001     
   16.233100000000000       0.11620000000000000        2.4874000000000001     
   16.158300000000001       0.11609999999999999        2.5427000000000000     
   16.031199999999998       0.11615000000000000        2.0769000000000002     
   15.922000000000001       0.11625000000000001        2.0217999999999998     
   15.856500000000000       0.11635000000000000        1.8779999999999999     
   15.844700000000000       0.11625000000000001        2.0240999999999998     
   15.858300000000000       0.11615000000000000        1.8434999999999999     
   15.779900000000000       0.11630000000000000        1.5891000000000000     
   15.724800000000000       0.11655000000000000        1.8522000000000001     
   15.729500000000000       0.11695000000000000        1.9429000000000001     
   15.677000000000000       0.11735000000000000        2.1278999999999999     
   15.555899999999999       0.11760000000000000        2.1192000000000002     
   15.468900000000000       0.11770000000000000        1.7178000000000000     
   15.398300000000001       0.11770000000000000        1.7041999999999999     
   15.327700000000000       0.11774999999999999        1.6992000000000000     
   15.193199999999999       0.11799999999999999        1.2944000000000000     
   15.086900000000000       0.11810000000000000        1.2798000000000000     
   15.097000000000000       0.11835000000000000        1.7590000000000001E-002
   15.096100000000000       0.11849999999999999        1.0000000000000000E-002
   15.076599999999999       0.11835000000000000       0.44240000000000002     
   15.069300000000000       0.11835000000000000        1.2326999999999999     
   15.050300000000000       0.11830000000000000        1.2177000000000000     
   14.977900000000000       0.11840000000000001        1.1150000000000000     
   14.935800000000000       0.11830000000000000        1.0336000000000001     
   14.930199999999999       0.11799999999999999       0.65149999999999997     
   14.952100000000000       0.11780000000000000        1.6209999999999999E-002
   14.910900000000000       0.11765000000000000       0.21329999999999999     
   14.858900000000000       0.11765000000000000        1.0000000000000000E-002
   14.874499999999999       0.11749999999999999        1.0000000000000000E-002
   14.815000000000000       0.11745000000000000        1.0000000000000000E-002
   14.780200000000001       0.11749999999999999        1.8669999999999999E-002
   14.720300000000000       0.11805000000000000       0.24970000000000001     
   14.661000000000000       0.11835000000000000        1.8780000000000002E-002
   14.548000000000000       0.11849999999999999        8.3000000000000004E-002
   14.386200000000001       0.11855000000000000        1.0000000000000000E-002
   14.240800000000000       0.11855000000000000        1.0000000000000000E-002
   14.017200000000001       0.11845000000000000        1.0000000000000000E-002
   13.897399999999999       0.11855000000000000        1.0000000000000000E-002
   13.831200000000001       0.11865000000000001        1.0000000000000000E-002
   13.735300000000001       0.11860000000000000        1.0000000000000000E-002
   13.608300000000000       0.11855000000000000        1.0000000000000000E-002
   13.437099999999999       0.11885000000000000        1.0000000000000000E-002
   13.304200000000000       0.11915000000000001        1.0000000000000000E-002
   13.243000000000000       0.11930000000000000        1.0000000000000000E-002
   13.181800000000001       0.11950000000000000        1.0000000000000000E-002
   13.157900000000000       0.11970000000000000        1.0000000000000000E-002
   13.101500000000000       0.11985000000000000        1.0000000000000000E-002
   13.189900000000000       0.11960000000000000        1.0000000000000000E-002
   13.246700000000001       0.11940000000000001        1.0000000000000000E-002
   13.228000000000000       0.11910000000000000        1.0000000000000000E-002
   13.175700000000001       0.11905000000000000        1.0000000000000000E-002
   13.073800000000000       0.11930000000000000        1.0000000000000000E-002
   12.940500000000000       0.11970000000000000        1.0000000000000000E-002
   12.863600000000000       0.12010000000000000        1.0000000000000000E-002
   12.771599999999999       0.12015000000000001        1.0000000000000000E-002
   12.650800000000000       0.12005000000000000        1.0000000000000000E-002
   12.497299999999999       0.11990000000000001        1.0000000000000000E-002
   12.413399999999999       0.11990000000000001        1.0000000000000000E-002
   12.374700000000001       0.11995000000000000        1.0000000000000000E-002
   12.343500000000001       0.12005000000000000        1.0000000000000000E-002
   12.297499999999999       0.12005000000000000        1.0000000000000000E-002
   12.239699999999999       0.12005000000000000        1.0000000000000000E-002
   12.156800000000000       0.12005000000000000        1.0000000000000000E-002
   12.031300000000000       0.11995000000000000        1.0000000000000000E-002
   11.788800000000000       0.11980000000000000        1.0000000000000000E-002
   11.532700000000000       0.11985000000000000        1.0000000000000000E-002
   11.326599999999999       0.11990000000000001        1.0000000000000000E-002
   11.227399999999999       0.12005000000000000        1.0000000000000000E-002
   11.186800000000000       0.12020000000000000        1.0000000000000000E-002
   11.138900000000000       0.12035000000000000        1.0000000000000000E-002
   11.055300000000001       0.12030000000000000        1.0000000000000000E-002
   10.913300000000000       0.12015000000000001        1.0000000000000000E-002
   10.850700000000000       0.12000000000000000        1.0000000000000000E-002
   10.790800000000001       0.12025000000000000        1.0000000000000000E-002
   10.730900000000000       0.12050000000000000        1.0000000000000000E-002
   10.019640000000001       0.12095000000000000        1.0000000000000000E-002
   10.010280000000000       0.12110000000000000        1.0000000000000000E-002
   10.417500000000000       0.12139999999999999        1.0000000000000000E-002
   10.372199999999999       0.12139999999999999        1.0000000000000000E-002
   10.327500000000001       0.12145000000000000        1.0000000000000000E-002
   10.257000000000000       0.12160000000000000        1.0000000000000000E-002
   10.206400000000000       0.12170000000000000        1.0000000000000000E-002
   10.013310000000001       0.12155000000000001        1.0000000000000000E-002
   10.017899999999999       0.12155000000000001        1.0000000000000000E-002
   9.9606999999999992       0.12170000000000000        1.0000000000000000E-002
   9.8847000000000005       0.12189999999999999        1.0000000000000000E-002
   9.7100000000000009       0.12265000000000000        1.0000000000000000E-002
   9.5772999999999993       0.12285000000000000        1.0000000000000000E-002
   9.5175000000000001       0.12255000000000001        1.0000000000000000E-002
   9.3684999999999992       0.12239999999999999        1.0000000000000000E-002
   9.2493999999999996       0.12255000000000001        1.0000000000000000E-002
   9.1062999999999992       0.12275000000000000        1.0000000000000000E-002
   8.9938000000000002       0.12255000000000001        1.0000000000000000E-002
   8.8849000000000000       0.12225000000000000        1.0000000000000000E-002
   8.7893000000000008       0.12200000000000000        1.0000000000000000E-002
   8.6994000000000007       0.12200000000000000        1.0000000000000000E-002
   8.5833999999999993       0.12214999999999999        1.0000000000000000E-002
   8.4291999999999998       0.12239999999999999        1.0000000000000000E-002
   8.3059999999999992       0.12245000000000000        1.0000000000000000E-002
   8.2807999999999993       0.12230000000000001        1.0000000000000000E-002
   8.3154000000000003       0.12225000000000000        1.0000000000000000E-002
   8.3080999999999996       0.12235000000000000        1.0000000000000000E-002
   8.2428000000000008       0.12270000000000000        1.0000000000000000E-002
   8.2203999999999997       0.12275000000000000        1.0000000000000000E-002
   8.1980000000000004       0.12285000000000000        1.0000000000000000E-002
   8.1372999999999998       0.12275000000000000        1.0000000000000000E-002
   8.0007000000000001       0.12280000000000001        1.0000000000000000E-002
   7.9316000000000004       0.12290000000000000        1.0000000000000000E-002
   7.8211000000000004       0.12280000000000001        1.0000000000000000E-002
   7.8109999999999999       0.12250000000000000        1.0000000000000000E-002
   7.8587999999999996       0.12230000000000001        1.0000000000000000E-002
   7.8581000000000003       0.12205000000000001        1.0000000000000000E-002
   7.7676999999999996       0.12189999999999999        1.0000000000000000E-002
   7.6894000000000000       0.12170000000000000        1.0000000000000000E-002
   7.4981000000000000       0.12160000000000000        1.0000000000000000E-002
   7.3693999999999997       0.12164999999999999        1.0000000000000000E-002
   7.3204000000000002       0.12185000000000000        1.0000000000000000E-002
   7.2826000000000004       0.12175000000000000        1.0000000000000000E-002
   7.1822999999999997       0.12164999999999999        1.0000000000000000E-002
   7.0888999999999998       0.12155000000000001        1.0000000000000000E-002
   7.0682000000000000       0.12160000000000000        1.0000000000000000E-002
   7.0368000000000004       0.12164999999999999        1.0000000000000000E-002
   7.0594999999999999       0.12170000000000000        1.0000000000000000E-002
   7.0385999999999997       0.12185000000000000        1.0000000000000000E-002
   7.0330000000000004       0.12200000000000000        1.0000000000000000E-002
   7.0529999999999999       0.12230000000000001        1.0000000000000000E-002
   7.1298000000000004       0.12270000000000000        1.0000000000000000E-002
   7.1558000000000002       0.12285000000000000        1.0000000000000000E-002
   7.1872999999999996       0.12300000000000000        1.0000000000000000E-002
   7.1436999999999999       0.12305000000000001        1.0000000000000000E-002
   6.9884000000000004       0.12280000000000001        1.0000000000000000E-002
   6.8296999999999999       0.12290000000000000        1.0000000000000000E-002
   6.7336999999999998       0.12280000000000001        1.0000000000000000E-002
   6.6939000000000002       0.12250000000000000        1.0000000000000000E-002
   6.6540999999999997       0.12225000000000000        1.0000000000000000E-002
   6.6668000000000003       0.12205000000000001        1.0000000000000000E-002
   6.6851000000000003       0.12214999999999999        1.0000000000000000E-002
   6.7225000000000001       0.12230000000000001        1.0000000000000000E-002
   6.7055999999999996       0.12239999999999999        1.0000000000000000E-002
