   6.4714999999999998       0.24890000000000001        2.0000000000000000E-002
   6.5175000000000001       0.24859999999999999        2.0000000000000000E-002
   6.4957000000000003       0.24820000000000000        2.0000000000000000E-002
   6.4169000000000000       0.24820000000000000        2.0000000000000000E-002
   6.2858999999999998       0.24770000000000000        2.0000000000000000E-002
   6.2283999999999997       0.24759999999999999        2.0000000000000000E-002
   6.1677999999999997       0.24759999999999999        2.0000000000000000E-002
   6.1864999999999997       0.24770000000000000        2.0000000000000000E-002
   6.2755999999999998       0.24709999999999999        2.0000000000000000E-002
   6.3281999999999998       0.24670000000000000        2.0000000000000000E-002
   6.2819000000000003       0.24690000000000001        2.0000000000000000E-002
   6.1684000000000001       0.24740000000000001        2.0000000000000000E-002
   6.0854999999999997       0.24800000000000000        2.0000000000000000E-002
   6.0105000000000004       0.24779999999999999        2.0000000000000000E-002
   5.9131000000000000       0.24729999999999999        2.0000000000000000E-002
   5.9093999999999998       0.24750000000000000        2.0000000000000000E-002
   6.0317999999999996       0.24829999999999999        2.0000000000000000E-002
   6.2126999999999999       0.24879999999999999        2.0000000000000000E-002
   6.3251999999999997       0.24890000000000001        2.0000000000000000E-002
   6.3794000000000004       0.24879999999999999        2.0000000000000000E-002
   6.4135999999999997       0.24890000000000001        2.0000000000000000E-002
   6.4329999999999998       0.24859999999999999        2.0000000000000000E-002
   6.4073000000000002       0.24840000000000001        2.0000000000000000E-002
   6.3918999999999997       0.24790000000000001        2.0000000000000000E-002
   6.3318000000000003       0.24750000000000000        2.0000000000000000E-002
   6.2938999999999998       0.24709999999999999        2.0000000000000000E-002
   6.3520000000000003       0.24690000000000001        2.0000000000000000E-002
   6.4019000000000004       0.24720000000000000        2.0000000000000000E-002
   6.4763000000000002       0.24720000000000000        2.0000000000000000E-002
   6.4668999999999999       0.24709999999999999        2.0000000000000000E-002
   6.4574999999999996       0.24700000000000000        2.0000000000000000E-002
   6.3625999999999996       0.24709999999999999        2.0000000000000000E-002
   6.2651000000000003       0.24750000000000000        2.0000000000000000E-002
   6.1120000000000001       0.24790000000000001        2.0000000000000000E-002
   6.0450999999999997       0.24790000000000001        2.0000000000000000E-002
   6.1138000000000003       0.24740000000000001        2.0000000000000000E-002
   6.2647000000000004       0.24720000000000000        2.0000000000000000E-002
   6.2899000000000003       0.24700000000000000        2.0000000000000000E-002
   6.2847999999999997       0.24690000000000001        2.0000000000000000E-002
   6.2850000000000001       0.24679999999999999        2.0000000000000000E-002
   6.3285000000000000       0.24629999999999999        2.0000000000000000E-002
   6.3921000000000001       0.24600000000000000        2.0000000000000000E-002
   6.5027999999999997       0.24579999999999999        2.0000000000000000E-002
   6.6483999999999996       0.24590000000000001        2.0000000000000000E-002
   6.7492999999999999       0.24560000000000001        2.0000000000000000E-002
   6.7843000000000000       0.24540000000000001        2.0000000000000000E-002
   6.8079000000000001       0.24590000000000001        2.0000000000000000E-002
   6.8446999999999996       0.24629999999999999        2.0000000000000000E-002
   6.8272000000000004       0.24620000000000000        2.0000000000000000E-002
   6.7682000000000002       0.24600000000000000        2.0000000000000000E-002
   6.7424999999999997       0.24590000000000001        2.0000000000000000E-002
   6.8026000000000000       0.24570000000000000        2.0000000000000000E-002
   6.8564999999999996       0.24540000000000001        2.0000000000000000E-002
   6.9635999999999996       0.24520000000000000        2.0000000000000000E-002
   7.1231999999999998       0.24510000000000001        2.0000000000000000E-002
   7.1996000000000002       0.24500000000000000        2.0000000000000000E-002
   7.3041999999999998       0.24470000000000000        2.0000000000000000E-002
   7.4165999999999999       0.24450000000000000        2.0000000000000000E-002
   7.5132000000000003       0.24470000000000000        2.0000000000000000E-002
   7.4497000000000000       0.24520000000000000        2.0000000000000000E-002
   7.3861999999999997       0.24570000000000000        2.0000000000000000E-002
   7.3670999999999998       0.24610000000000001        2.0000000000000000E-002
   7.4154999999999998       0.24679999999999999        2.0000000000000000E-002
   7.5651000000000002       0.24759999999999999        2.0000000000000000E-002
   7.7115000000000000       0.24740000000000001        2.0000000000000000E-002
   7.8137999999999996       0.24720000000000000        2.0000000000000000E-002
   7.8821000000000003       0.24690000000000001        2.0000000000000000E-002
   7.8826999999999998       0.24660000000000001        2.0000000000000000E-002
   7.8780999999999999       0.24690000000000001        2.0000000000000000E-002
   7.9429999999999996       0.24700000000000000        2.0000000000000000E-002
   8.1044999999999998       0.24709999999999999        2.0000000000000000E-002
   8.2759999999999998       0.24740000000000001        2.0000000000000000E-002
   8.4010999999999996       0.24809999999999999        2.0000000000000000E-002
   8.5360999999999994       0.24840000000000001        2.0000000000000000E-002
   8.6895000000000007       0.24840000000000001        2.0000000000000000E-002
   8.7467000000000006       0.24859999999999999        2.0000000000000000E-002
   8.7636000000000003       0.24850000000000000        2.0000000000000000E-002
   8.8095999999999997       0.24840000000000001        2.0000000000000000E-002
   8.8743999999999996       0.24779999999999999        2.0000000000000000E-002
   9.0242000000000004       0.24729999999999999        2.0000000000000000E-002
   9.0731000000000002       0.24779999999999999        2.0000000000000000E-002
   9.0147999999999993       0.24759999999999999        2.0000000000000000E-002
   8.9452999999999996       0.24790000000000001        2.0000000000000000E-002
   8.9795999999999996       0.24779999999999999        2.0000000000000000E-002
   9.1031999999999993       0.24750000000000000        2.0000000000000000E-002
   9.2565000000000008       0.24750000000000000        2.0000000000000000E-002
   9.3069000000000006       0.24770000000000000        2.0000000000000000E-002
   9.3132000000000001       0.24770000000000000        2.0000000000000000E-002
   9.3390000000000004       0.24729999999999999        2.0000000000000000E-002
   9.4076000000000004       0.24720000000000000        2.0000000000000000E-002
   9.4763000000000002       0.24709999999999999        2.0000000000000000E-002
   9.6149000000000004       0.24750000000000000        2.0000000000000000E-002
   9.6610999999999994       0.24829999999999999        2.0000000000000000E-002
   9.7392000000000003       0.24850000000000000        2.0000000000000000E-002
   9.8308000000000000       0.24870000000000000        2.0000000000000000E-002
   10.007000000000000       0.24909999999999999        2.0000000000000000E-002
   10.010680000000001       0.24929999999999999        2.0000000000000000E-002
   10.010740000000000       0.24929999999999999        2.0000000000000000E-002
   10.015230000000001       0.24940000000000001        2.0000000000000000E-002
   10.338400000000000       0.24950000000000000        2.0000000000000000E-002
   10.013579999999999       0.24950000000000000        2.0000000000000000E-002
   10.727499999999999       0.24959999999999999        2.0000000000000000E-002
   10.856100000000000       0.24990000000000001        2.0000000000000000E-002
   10.896500000000000       0.25000000000000000        2.0000000000000000E-002
   10.878700000000000       0.25050000000000000        2.0000000000000000E-002
   10.883400000000000       0.25050000000000000        2.0000000000000000E-002
   10.870600000000000       0.25009999999999999        2.0000000000000000E-002
   10.887000000000000       0.24920000000000000        2.0000000000000000E-002
   10.931800000000001       0.24870000000000000        2.0000000000000000E-002
   10.976100000000001       0.24809999999999999        2.0000000000000000E-002
   11.060700000000001       0.24790000000000001        2.0000000000000000E-002
   11.126099999999999       0.24740000000000001        2.0000000000000000E-002
   11.253900000000000       0.24729999999999999        2.0000000000000000E-002
   11.335100000000001       0.24750000000000000        2.0000000000000000E-002
   11.324199999999999       0.24759999999999999        2.0000000000000000E-002
   11.392899999999999       0.24729999999999999        2.0000000000000000E-002
   11.559699999999999       0.24729999999999999        2.0000000000000000E-002
   11.697699999999999       0.24750000000000000        2.0000000000000000E-002
   11.727700000000000       0.24770000000000000        2.0000000000000000E-002
   11.714200000000000       0.24790000000000001        2.0000000000000000E-002
   11.700699999999999       0.24809999999999999        2.0000000000000000E-002
   11.741300000000001       0.24790000000000001        2.0000000000000000E-002
   11.830399999999999       0.24729999999999999        2.0000000000000000E-002
   11.948800000000000       0.24670000000000000        2.0000000000000000E-002
   12.087700000000000       0.24600000000000000        2.0000000000000000E-002
   12.139600000000000       0.24540000000000001        2.0000000000000000E-002
   12.195300000000000       0.24570000000000000        2.0000000000000000E-002
   12.316900000000000       0.24600000000000000        2.0000000000000000E-002
   12.447100000000001       0.24560000000000001        2.0000000000000000E-002
   12.434300000000000       0.24510000000000001        2.0000000000000000E-002
   12.451400000000000       0.24529999999999999        2.0000000000000000E-002
   12.528700000000001       0.24540000000000001        2.0000000000000000E-002
   12.528800000000000       0.24570000000000000        2.0000000000000000E-002
   12.587000000000000       0.24600000000000000        2.0000000000000000E-002
   12.715600000000000       0.24620000000000000        2.0000000000000000E-002
   12.863899999999999       0.24579999999999999        2.0000000000000000E-002
   12.982900000000001       0.24550000000000000        2.0000000000000000E-002
   13.071600000000000       0.24529999999999999        2.0000000000000000E-002
   13.133100000000001       0.24490000000000001        2.0000000000000000E-002
   13.159800000000001       0.24440000000000001        2.0000000000000000E-002
   13.257099999999999       0.24390000000000001        2.0000000000000000E-002
   13.299300000000001       0.24349999999999999        2.0000000000000000E-002
   13.332400000000000       0.24310000000000001        2.0000000000000000E-002
   13.405700000000000       0.24310000000000001        2.0000000000000000E-002
   13.482600000000000       0.24340000000000001        2.0000000000000000E-002
   13.558600000000000       0.24320000000000000        2.0000000000000000E-002
   13.598300000000000       0.24299999999999999        2.0000000000000000E-002
   13.710800000000001       0.24299999999999999        2.0000000000000000E-002
   13.871400000000000       0.24270000000000000        2.0000000000000000E-002
   13.976400000000000       0.24240000000000000        2.0000000000000000E-002
   14.081400000000000       0.24210000000000001        2.0000000000000000E-002
   14.115600000000001       0.24170000000000000        2.0000000000000000E-002
   14.190899999999999       0.24190000000000000        2.0000000000000000E-002
   14.337100000000000       0.24140000000000000        2.0000000000000000E-002
   14.460400000000000       0.24120000000000000        2.0000000000000000E-002
   14.469799999999999       0.24090000000000000        2.0000000000000000E-002
   14.495400000000000       0.24010000000000001        2.0000000000000000E-002
   14.529900000000000       0.23940000000000000        2.0000000000000000E-002
   14.530400000000000       0.23890000000000000        2.0000000000000000E-002
   14.459600000000000       0.23860000000000001        2.0000000000000000E-002
   14.463300000000000       0.23810000000000001        2.0000000000000000E-002
   14.547300000000000       0.23790000000000000        2.0000000000000000E-002
   14.675100000000000       0.23790000000000000        2.0000000000000000E-002
   14.749499999999999       0.23799999999999999        2.0000000000000000E-002
   14.863300000000001       0.23849999999999999        2.0000000000000000E-002
   14.978500000000000       0.23860000000000001        2.0000000000000000E-002
   15.001400000000000       0.23830000000000001        2.1999999999999999E-002
   15.032400000000001       0.23790000000000000        8.9399999999999993E-002
   15.172599999999999       0.23780000000000001        5.3800000000000001E-002
   15.279900000000000       0.23730000000000001        6.8400000000000002E-002
   15.285600000000001       0.23710000000000001        2.2939999999999999E-002
   15.307100000000000       0.23690000000000000        2.7000000000000000E-002
   15.306699999999999       0.23690000000000000        2.6740000000000000E-002
   15.292600000000000       0.23649999999999999       0.40039999999999998     
   15.368300000000000       0.23619999999999999       0.71660000000000001     
   15.512600000000001       0.23560000000000000        1.2864000000000000     
   15.616500000000000       0.23530000000000001        1.5458000000000001     
   15.669400000000000       0.23519999999999999        1.6128000000000000     
   15.705800000000000       0.23519999999999999        1.7716000000000001     
   15.705399999999999       0.23530000000000001        1.7940000000000000     
   15.704900000000000       0.23540000000000000        1.7385999999999999     
   15.691400000000000       0.23569999999999999        1.7692000000000001     
   15.685600000000001       0.23630000000000001        1.7744000000000000     
   15.649900000000001       0.23640000000000000        1.7616000000000001     
   15.577000000000000       0.23640000000000000        1.8026000000000000     
   15.582400000000000       0.23660000000000000        2.2431999999999999     
   15.615100000000000       0.23649999999999999        2.4773999999999998     
   15.727100000000000       0.23660000000000000        2.6456000000000000     
   15.753900000000000       0.23680000000000001        3.4241999999999999     
   15.831899999999999       0.23630000000000001        3.9992000000000001     
   15.909500000000000       0.23610000000000000        4.2728000000000002     
   15.895200000000001       0.23630000000000001        4.6432000000000002     
   15.917000000000000       0.23599999999999999        5.2061999999999999     
   15.931100000000001       0.23590000000000000        5.9592000000000001     
   15.967900000000000       0.23590000000000000        6.2625999999999999     
   16.034800000000001       0.23549999999999999        6.3832000000000004     
   16.065600000000000       0.23499999999999999        6.5457999999999998     
   16.039800000000000       0.23449999999999999        6.4825999999999997     
   16.041399999999999       0.23440000000000000        6.7274000000000003     
   16.063099999999999       0.23449999999999999        6.9661999999999997     
   16.075299999999999       0.23440000000000000        7.4728000000000003     
   16.085699999999999       0.23460000000000000        8.0378000000000007     
   16.120000000000001       0.23419999999999999        7.5724000000000000     
   16.220099999999999       0.23360000000000000        6.6532000000000000     
   16.327300000000001       0.23260000000000000        6.1765999999999996     
   16.330400000000001       0.23219999999999999        5.6492000000000004     
   16.300400000000000       0.23190000000000000        6.7194000000000003     
   16.318700000000000       0.23190000000000000        7.2544000000000004     
   16.360099999999999       0.23200000000000001        7.4051999999999998     
   16.380700000000001       0.23190000000000000        7.5434000000000001     
   16.401299999999999       0.23190000000000000        7.2888000000000002     
   16.363399999999999       0.23219999999999999        5.9199999999999999     
   16.296900000000001       0.23260000000000000        5.9366000000000003     
   16.248500000000000       0.23219999999999999        7.0246000000000004     
   16.186699999999998       0.23230000000000001        6.6109999999999998     
   16.137100000000000       0.23319999999999999        6.4016000000000002     
   16.141600000000000       0.23400000000000001        5.4009999999999998     
   16.164300000000001       0.23360000000000000        6.3658000000000001     
   16.202999999999999       0.23319999999999999        7.3756000000000004     
   16.227900000000002       0.23319999999999999        7.3872000000000000     
   16.256599999999999       0.23310000000000000        7.3666000000000000     
   16.277600000000000       0.23280000000000001        6.0903999999999998     
   16.256699999999999       0.23240000000000000        5.5156000000000001     
   16.217199999999998       0.23260000000000000        5.4760000000000000     
   16.179900000000000       0.23290000000000000        5.0629999999999997     
   16.190500000000000       0.23290000000000000        5.0418000000000003     
   16.233100000000000       0.23240000000000000        4.9748000000000001     
   16.158300000000001       0.23219999999999999        5.0853999999999999     
   16.031199999999998       0.23230000000000001        4.1538000000000004     
   15.922000000000001       0.23250000000000001        4.0435999999999996     
   15.856500000000000       0.23269999999999999        3.7559999999999998     
   15.844700000000000       0.23250000000000001        4.0481999999999996     
   15.858300000000000       0.23230000000000001        3.6869999999999998     
   15.779900000000000       0.23260000000000000        3.1781999999999999     
   15.724800000000000       0.23310000000000000        3.7044000000000001     
   15.729500000000000       0.23390000000000000        3.8858000000000001     
   15.677000000000000       0.23469999999999999        4.2557999999999998     
   15.555899999999999       0.23519999999999999        4.2384000000000004     
   15.468900000000000       0.23540000000000000        3.4356000000000000     
   15.398300000000001       0.23540000000000000        3.4083999999999999     
   15.327700000000000       0.23549999999999999        3.3984000000000001     
   15.193199999999999       0.23599999999999999        2.5888000000000000     
   15.086900000000000       0.23619999999999999        2.5596000000000001     
   15.097000000000000       0.23669999999999999        3.5180000000000003E-002
   15.096100000000000       0.23699999999999999        2.0000000000000000E-002
   15.076599999999999       0.23669999999999999       0.88480000000000003     
   15.069300000000000       0.23669999999999999        2.4653999999999998     
   15.050300000000000       0.23660000000000000        2.4354000000000000     
   14.977900000000000       0.23680000000000001        2.2300000000000000     
   14.935800000000000       0.23660000000000000        2.0672000000000001     
   14.930199999999999       0.23599999999999999        1.3029999999999999     
   14.952100000000000       0.23560000000000000        3.2419999999999997E-002
   14.910900000000000       0.23530000000000001       0.42659999999999998     
   14.858900000000000       0.23530000000000001        2.0000000000000000E-002
   14.874499999999999       0.23499999999999999        2.0000000000000000E-002
   14.815000000000000       0.23490000000000000        2.0000000000000000E-002
   14.780200000000001       0.23499999999999999        3.7339999999999998E-002
   14.720300000000000       0.23610000000000000       0.49940000000000001     
   14.661000000000000       0.23669999999999999        3.7560000000000003E-002
   14.548000000000000       0.23699999999999999       0.16600000000000001     
   14.386200000000001       0.23710000000000001        2.0000000000000000E-002
   14.240800000000000       0.23710000000000001        2.0000000000000000E-002
   14.017200000000001       0.23690000000000000        2.0000000000000000E-002
   13.897399999999999       0.23710000000000001        2.0000000000000000E-002
   13.831200000000001       0.23730000000000001        2.0000000000000000E-002
   13.735300000000001       0.23719999999999999        2.0000000000000000E-002
   13.608300000000000       0.23710000000000001        2.0000000000000000E-002
   13.437099999999999       0.23769999999999999        2.0000000000000000E-002
   13.304200000000000       0.23830000000000001        2.0000000000000000E-002
   13.243000000000000       0.23860000000000001        2.0000000000000000E-002
   13.181800000000001       0.23899999999999999        2.0000000000000000E-002
   13.157900000000000       0.23940000000000000        2.0000000000000000E-002
   13.101500000000000       0.23970000000000000        2.0000000000000000E-002
   13.189900000000000       0.23920000000000000        2.0000000000000000E-002
   13.246700000000001       0.23880000000000001        2.0000000000000000E-002
   13.228000000000000       0.23820000000000000        2.0000000000000000E-002
   13.175700000000001       0.23810000000000001        2.0000000000000000E-002
   13.073800000000000       0.23860000000000001        2.0000000000000000E-002
   12.940500000000000       0.23940000000000000        2.0000000000000000E-002
   12.863600000000000       0.24020000000000000        2.0000000000000000E-002
   12.771599999999999       0.24030000000000001        2.0000000000000000E-002
   12.650800000000000       0.24010000000000001        2.0000000000000000E-002
   12.497299999999999       0.23980000000000001        2.0000000000000000E-002
   12.413399999999999       0.23980000000000001        2.0000000000000000E-002
   12.374700000000001       0.23990000000000000        2.0000000000000000E-002
   12.343500000000001       0.24010000000000001        2.0000000000000000E-002
   12.297499999999999       0.24010000000000001        2.0000000000000000E-002
   12.239699999999999       0.24010000000000001        2.0000000000000000E-002
   12.156800000000000       0.24010000000000001        2.0000000000000000E-002
   12.031300000000000       0.23990000000000000        2.0000000000000000E-002
   11.788800000000000       0.23960000000000001        2.0000000000000000E-002
   11.532700000000000       0.23970000000000000        2.0000000000000000E-002
   11.326599999999999       0.23980000000000001        2.0000000000000000E-002
   11.227399999999999       0.24010000000000001        2.0000000000000000E-002
   11.186800000000000       0.24040000000000000        2.0000000000000000E-002
   11.138900000000000       0.24070000000000000        2.0000000000000000E-002
   11.055300000000001       0.24060000000000001        2.0000000000000000E-002
   10.913300000000000       0.24030000000000001        2.0000000000000000E-002
   10.850700000000000       0.23999999999999999        2.0000000000000000E-002
   10.790800000000001       0.24049999999999999        2.0000000000000000E-002
   10.730900000000000       0.24099999999999999        2.0000000000000000E-002
   10.019640000000001       0.24190000000000000        2.0000000000000000E-002
   10.010280000000000       0.24220000000000000        2.0000000000000000E-002
   10.417500000000000       0.24279999999999999        2.0000000000000000E-002
   10.372199999999999       0.24279999999999999        2.0000000000000000E-002
   10.327500000000001       0.24290000000000000        2.0000000000000000E-002
   10.257000000000000       0.24320000000000000        2.0000000000000000E-002
   10.206400000000000       0.24340000000000001        2.0000000000000000E-002
   10.013310000000001       0.24310000000000001        2.0000000000000000E-002
   10.017899999999999       0.24310000000000001        2.0000000000000000E-002
   9.9606999999999992       0.24340000000000001        2.0000000000000000E-002
   9.8847000000000005       0.24379999999999999        2.0000000000000000E-002
   9.7100000000000009       0.24529999999999999        2.0000000000000000E-002
   9.5772999999999993       0.24570000000000000        2.0000000000000000E-002
   9.5175000000000001       0.24510000000000001        2.0000000000000000E-002
   9.3684999999999992       0.24479999999999999        2.0000000000000000E-002
   9.2493999999999996       0.24510000000000001        2.0000000000000000E-002
   9.1062999999999992       0.24550000000000000        2.0000000000000000E-002
   8.9938000000000002       0.24510000000000001        2.0000000000000000E-002
   8.8849000000000000       0.24450000000000000        2.0000000000000000E-002
   8.7893000000000008       0.24399999999999999        2.0000000000000000E-002
   8.6994000000000007       0.24399999999999999        2.0000000000000000E-002
   8.5833999999999993       0.24429999999999999        2.0000000000000000E-002
   8.4291999999999998       0.24479999999999999        2.0000000000000000E-002
   8.3059999999999992       0.24490000000000001        2.0000000000000000E-002
   8.2807999999999993       0.24460000000000001        2.0000000000000000E-002
   8.3154000000000003       0.24450000000000000        2.0000000000000000E-002
   8.3080999999999996       0.24470000000000000        2.0000000000000000E-002
   8.2428000000000008       0.24540000000000001        2.0000000000000000E-002
   8.2203999999999997       0.24550000000000000        2.0000000000000000E-002
   8.1980000000000004       0.24570000000000000        2.0000000000000000E-002
   8.1372999999999998       0.24550000000000000        2.0000000000000000E-002
   8.0007000000000001       0.24560000000000001        2.0000000000000000E-002
   7.9316000000000004       0.24579999999999999        2.0000000000000000E-002
   7.8211000000000004       0.24560000000000001        2.0000000000000000E-002
   7.8109999999999999       0.24500000000000000        2.0000000000000000E-002
   7.8587999999999996       0.24460000000000001        2.0000000000000000E-002
   7.8581000000000003       0.24410000000000001        2.0000000000000000E-002
   7.7676999999999996       0.24379999999999999        2.0000000000000000E-002
   7.6894000000000000       0.24340000000000001        2.0000000000000000E-002
   7.4981000000000000       0.24320000000000000        2.0000000000000000E-002
   7.3693999999999997       0.24329999999999999        2.0000000000000000E-002
   7.3204000000000002       0.24370000000000000        2.0000000000000000E-002
   7.2826000000000004       0.24349999999999999        2.0000000000000000E-002
   7.1822999999999997       0.24329999999999999        2.0000000000000000E-002
   7.0888999999999998       0.24310000000000001        2.0000000000000000E-002
   7.0682000000000000       0.24320000000000000        2.0000000000000000E-002
   7.0368000000000004       0.24329999999999999        2.0000000000000000E-002
   7.0594999999999999       0.24340000000000001        2.0000000000000000E-002
   7.0385999999999997       0.24370000000000000        2.0000000000000000E-002
   7.0330000000000004       0.24399999999999999        2.0000000000000000E-002
   7.0529999999999999       0.24460000000000001        2.0000000000000000E-002
   7.1298000000000004       0.24540000000000001        2.0000000000000000E-002
   7.1558000000000002       0.24570000000000000        2.0000000000000000E-002
   7.1872999999999996       0.24600000000000000        2.0000000000000000E-002
   7.1436999999999999       0.24610000000000001        2.0000000000000000E-002
   6.9884000000000004       0.24560000000000001        2.0000000000000000E-002
   6.8296999999999999       0.24579999999999999        2.0000000000000000E-002
   6.7336999999999998       0.24560000000000001        2.0000000000000000E-002
   6.6939000000000002       0.24500000000000000        2.0000000000000000E-002
   6.6540999999999997       0.24450000000000000        2.0000000000000000E-002
   6.6668000000000003       0.24410000000000001        2.0000000000000000E-002
   6.6851000000000003       0.24429999999999999        2.0000000000000000E-002
   6.7225000000000001       0.24460000000000001        2.0000000000000000E-002
   6.7055999999999996       0.24479999999999999        2.0000000000000000E-002
