   11.471499999999999       0.12445000000000001        1.0000000000000000E-002
   11.517500000000000       0.12429999999999999        1.0000000000000000E-002
   11.495699999999999       0.12410000000000000        1.0000000000000000E-002
   11.416900000000000       0.12410000000000000        1.0000000000000000E-002
   11.285900000000000       0.12385000000000000        1.0000000000000000E-002
   11.228400000000001       0.12379999999999999        1.0000000000000000E-002
   11.167800000000000       0.12379999999999999        1.0000000000000000E-002
   11.186499999999999       0.12385000000000000        1.0000000000000000E-002
   11.275600000000001       0.12354999999999999        1.0000000000000000E-002
   11.328199999999999       0.12335000000000000        1.0000000000000000E-002
   11.281900000000000       0.12345000000000000        1.0000000000000000E-002
   11.168400000000000       0.12370000000000000        1.0000000000000000E-002
   11.085500000000000       0.12400000000000000        1.0000000000000000E-002
   11.010500000000000       0.12390000000000000        1.0000000000000000E-002
   10.913100000000000       0.12365000000000000        1.0000000000000000E-002
   10.909400000000000       0.12375000000000000        1.0000000000000000E-002
   11.031800000000000       0.12415000000000000        1.0000000000000000E-002
   11.212700000000000       0.12440000000000000        1.0000000000000000E-002
   11.325199999999999       0.12445000000000001        1.0000000000000000E-002
   11.379400000000000       0.12440000000000000        1.0000000000000000E-002
   11.413599999999999       0.12445000000000001        1.0000000000000000E-002
   11.433000000000000       0.12429999999999999        1.0000000000000000E-002
   11.407299999999999       0.12420000000000000        1.0000000000000000E-002
   11.391900000000000       0.12395000000000000        1.0000000000000000E-002
   11.331800000000001       0.12375000000000000        1.0000000000000000E-002
   11.293900000000001       0.12354999999999999        1.0000000000000000E-002
   11.352000000000000       0.12345000000000000        1.0000000000000000E-002
   11.401900000000001       0.12360000000000000        1.0000000000000000E-002
   11.476300000000000       0.12360000000000000        1.0000000000000000E-002
   11.466899999999999       0.12354999999999999        1.0000000000000000E-002
   11.457500000000000       0.12350000000000000        1.0000000000000000E-002
   11.362600000000000       0.12354999999999999        1.0000000000000000E-002
   11.265100000000000       0.12375000000000000        1.0000000000000000E-002
   11.112000000000000       0.12395000000000000        1.0000000000000000E-002
   11.045100000000000       0.12395000000000000        1.0000000000000000E-002
   11.113800000000001       0.12370000000000000        1.0000000000000000E-002
   11.264700000000001       0.12360000000000000        1.0000000000000000E-002
   11.289899999999999       0.12350000000000000        1.0000000000000000E-002
   11.284800000000001       0.12345000000000000        1.0000000000000000E-002
   11.285000000000000       0.12340000000000000        1.0000000000000000E-002
   11.328500000000000       0.12315000000000000        1.0000000000000000E-002
   11.392099999999999       0.12300000000000000        1.0000000000000000E-002
   11.502800000000001       0.12290000000000000        1.0000000000000000E-002
   11.648399999999999       0.12295000000000000        1.0000000000000000E-002
   11.749300000000000       0.12280000000000001        1.0000000000000000E-002
   11.784300000000000       0.12270000000000000        1.0000000000000000E-002
   11.807900000000000       0.12295000000000000        1.0000000000000000E-002
   11.844700000000000       0.12315000000000000        1.0000000000000000E-002
   11.827200000000001       0.12310000000000000        1.0000000000000000E-002
   11.768200000000000       0.12300000000000000        1.0000000000000000E-002
   11.742500000000000       0.12295000000000000        1.0000000000000000E-002
   11.802600000000000       0.12285000000000000        1.0000000000000000E-002
   11.856500000000000       0.12270000000000000        1.0000000000000000E-002
   11.963600000000000       0.12260000000000000        1.0000000000000000E-002
   12.123200000000001       0.12255000000000001        1.0000000000000000E-002
   12.199600000000000       0.12250000000000000        1.0000000000000000E-002
   12.304200000000000       0.12235000000000000        1.0000000000000000E-002
   12.416599999999999       0.12225000000000000        1.0000000000000000E-002
   12.513200000000001       0.12235000000000000        1.0000000000000000E-002
   12.449700000000000       0.12260000000000000        1.0000000000000000E-002
   12.386199999999999       0.12285000000000000        1.0000000000000000E-002
   12.367100000000001       0.12305000000000001        1.0000000000000000E-002
   12.415500000000000       0.12340000000000000        1.0000000000000000E-002
   12.565100000000001       0.12379999999999999        1.0000000000000000E-002
   12.711500000000001       0.12370000000000000        1.0000000000000000E-002
   12.813800000000001       0.12360000000000000        1.0000000000000000E-002
   12.882100000000001       0.12345000000000000        1.0000000000000000E-002
   12.882700000000000       0.12330000000000001        1.0000000000000000E-002
   12.878100000000000       0.12345000000000000        1.0000000000000000E-002
   12.943000000000000       0.12350000000000000        1.0000000000000000E-002
   13.104500000000000       0.12354999999999999        1.0000000000000000E-002
   13.276000000000000       0.12370000000000000        1.0000000000000000E-002
   13.401100000000000       0.12404999999999999        1.0000000000000000E-002
   13.536099999999999       0.12420000000000000        1.0000000000000000E-002
   13.689500000000001       0.12420000000000000        1.0000000000000000E-002
   13.746700000000001       0.12429999999999999        1.0000000000000000E-002
   13.763600000000000       0.12425000000000000        1.0000000000000000E-002
   13.809600000000000       0.12420000000000000        1.0000000000000000E-002
   13.874400000000000       0.12390000000000000        1.0000000000000000E-002
   14.024200000000000       0.12365000000000000        1.0000000000000000E-002
   14.073100000000000       0.12390000000000000        1.0000000000000000E-002
   14.014799999999999       0.12379999999999999        1.0000000000000000E-002
   13.945300000000000       0.12395000000000000        1.0000000000000000E-002
   13.979600000000000       0.12390000000000000        1.0000000000000000E-002
   14.103199999999999       0.12375000000000000        1.0000000000000000E-002
   14.256500000000001       0.12375000000000000        1.0000000000000000E-002
   14.306900000000001       0.12385000000000000        1.0000000000000000E-002
   14.313200000000000       0.12385000000000000        1.0000000000000000E-002
   14.339000000000000       0.12365000000000000        1.0000000000000000E-002
   14.407600000000000       0.12360000000000000        1.0000000000000000E-002
   14.476300000000000       0.12354999999999999        1.0000000000000000E-002
   14.614900000000000       0.12375000000000000        1.0000000000000000E-002
   14.661099999999999       0.12415000000000000        1.0000000000000000E-002
   14.739200000000000       0.12425000000000000        1.0000000000000000E-002
   14.830800000000000       0.12435000000000000        1.0000000000000000E-002
   15.007000000000000       0.12454999999999999        1.0000000000000000E-002
   15.010680000000001       0.12465000000000000        1.0000000000000000E-002
   15.010740000000000       0.12465000000000000        1.0000000000000000E-002
   15.015230000000001       0.12470000000000001        1.0000000000000000E-002
   15.338400000000000       0.12475000000000000        1.0000000000000000E-002
   15.013579999999999       0.12475000000000000        1.0000000000000000E-002
   15.727499999999999       0.12479999999999999        1.0000000000000000E-002
   15.856100000000000       0.12495000000000001        1.0000000000000000E-002
   15.896500000000000       0.12500000000000000        1.0000000000000000E-002
   15.878700000000000       0.12525000000000000        1.0000000000000000E-002
   15.883400000000000       0.12525000000000000        1.0000000000000000E-002
   15.870600000000000       0.12504999999999999        1.0000000000000000E-002
   15.887000000000000       0.12460000000000000        1.0000000000000000E-002
   15.931800000000001       0.12435000000000000        1.0000000000000000E-002
   15.976100000000001       0.12404999999999999        1.0000000000000000E-002
   16.060700000000001       0.12395000000000000        1.0000000000000000E-002
   16.126100000000001       0.12370000000000000        1.0000000000000000E-002
   16.253900000000002       0.12365000000000000        1.0000000000000000E-002
   16.335100000000001       0.12375000000000000        1.0000000000000000E-002
   16.324199999999998       0.12379999999999999        1.0000000000000000E-002
   16.392899999999997       0.12365000000000000        1.0000000000000000E-002
   16.559699999999999       0.12365000000000000        1.0000000000000000E-002
   16.697699999999998       0.12375000000000000        1.0000000000000000E-002
   16.727699999999999       0.12385000000000000        1.0000000000000000E-002
   16.714199999999998       0.12395000000000000        1.0000000000000000E-002
   16.700699999999998       0.12404999999999999        1.0000000000000000E-002
   16.741300000000003       0.12395000000000000        1.0000000000000000E-002
   16.830399999999997       0.12365000000000000        1.0000000000000000E-002
   16.948799999999999       0.12335000000000000        1.0000000000000000E-002
   17.087699999999998       0.12300000000000000        1.0000000000000000E-002
   17.139600000000002       0.12270000000000000        1.0000000000000000E-002
   17.195300000000000       0.12285000000000000        1.0000000000000000E-002
   17.316900000000000       0.12300000000000000        1.0000000000000000E-002
   17.447099999999999       0.12280000000000001        1.0000000000000000E-002
   17.434300000000000       0.12255000000000001        1.0000000000000000E-002
   17.451400000000000       0.12265000000000000        1.0000000000000000E-002
   17.528700000000001       0.12270000000000000        1.0000000000000000E-002
   17.528800000000000       0.12285000000000000        1.0000000000000000E-002
   17.587000000000000       0.12300000000000000        1.0000000000000000E-002
   17.715600000000002       0.12310000000000000        1.0000000000000000E-002
   17.863900000000001       0.12290000000000000        1.0000000000000000E-002
   17.982900000000001       0.12275000000000000        1.0000000000000000E-002
   18.071600000000000       0.12265000000000000        1.0000000000000000E-002
   18.133099999999999       0.12245000000000000        1.0000000000000000E-002
   18.159800000000001       0.12220000000000000        1.0000000000000000E-002
   18.257100000000001       0.12195000000000000        1.0000000000000000E-002
   18.299300000000002       0.12175000000000000        1.0000000000000000E-002
   18.332400000000000       0.12155000000000001        1.0000000000000000E-002
   18.405700000000000       0.12155000000000001        1.0000000000000000E-002
   18.482599999999998       0.12170000000000000        1.0000000000000000E-002
   18.558599999999998       0.12160000000000000        1.0000000000000000E-002
   18.598300000000002       0.12150000000000000        1.0000000000000000E-002
   18.710799999999999       0.12150000000000000        1.0000000000000000E-002
   18.871400000000001       0.12135000000000000        1.0000000000000000E-002
   18.976399999999998       0.12120000000000000        1.0000000000000000E-002
   19.081400000000002       0.12105000000000000        1.0000000000000000E-002
   19.115600000000001       0.12085000000000000        1.0000000000000000E-002
   19.190899999999999       0.12095000000000000        1.0000000000000000E-002
   19.337100000000000       0.12070000000000000        1.0000000000000000E-002
   19.460400000000000       0.12060000000000000        1.0000000000000000E-002
   19.469799999999999       0.12045000000000000        1.0000000000000000E-002
   19.495400000000000       0.12005000000000000        1.0000000000000000E-002
   19.529899999999998       0.11970000000000000        1.0000000000000000E-002
   19.530400000000000       0.11945000000000000        1.0000000000000000E-002
   19.459600000000002       0.11930000000000000        1.0000000000000000E-002
   19.463300000000000       0.11905000000000000        1.0000000000000000E-002
   19.547300000000000       0.11895000000000000        1.0000000000000000E-002
   19.675100000000000       0.11895000000000000        1.0000000000000000E-002
   19.749499999999998       0.11899999999999999        1.0000000000000000E-002
   19.863300000000002       0.11924999999999999        1.0000000000000000E-002
   19.978500000000000       0.11930000000000000        1.0000000000000000E-002
   20.001400000000000       0.11915000000000001        1.0999999999999999E-002
   20.032400000000003       0.11895000000000000        4.4699999999999997E-002
   20.172599999999999       0.11890000000000001        2.6900000000000000E-002
   20.279899999999998       0.11865000000000001        3.4200000000000001E-002
   20.285600000000002       0.11855000000000000        1.1469999999999999E-002
   20.307099999999998       0.11845000000000000        1.3500000000000000E-002
   20.306699999999999       0.11845000000000000        1.3370000000000000E-002
   20.292600000000000       0.11824999999999999       0.20019999999999999     
   20.368299999999998       0.11810000000000000       0.35830000000000001     
   20.512599999999999       0.11780000000000000       0.64319999999999999     
   20.616500000000002       0.11765000000000000       0.77290000000000003     
   20.669400000000000       0.11760000000000000       0.80640000000000001     
   20.705800000000000       0.11760000000000000       0.88580000000000003     
   20.705399999999997       0.11765000000000000       0.89700000000000002     
   20.704900000000002       0.11770000000000000       0.86929999999999996     
   20.691400000000002       0.11785000000000000       0.88460000000000005     
   20.685600000000001       0.11815000000000001       0.88719999999999999     
   20.649900000000002       0.11820000000000000       0.88080000000000003     
   20.576999999999998       0.11820000000000000       0.90129999999999999     
   20.582400000000000       0.11830000000000000        1.1215999999999999     
   20.615099999999998       0.11824999999999999        1.2386999999999999     
   20.727100000000000       0.11830000000000000        1.3228000000000000     
   20.753900000000002       0.11840000000000001        1.7121000000000000     
   20.831899999999997       0.11815000000000001        1.9996000000000000     
   20.909500000000001       0.11805000000000000        2.1364000000000001     
   20.895200000000003       0.11815000000000001        2.3216000000000001     
   20.917000000000002       0.11799999999999999        2.6031000000000000     
   20.931100000000001       0.11795000000000000        2.9796000000000000     
   20.967900000000000       0.11795000000000000        3.1313000000000000     
   21.034800000000001       0.11774999999999999        3.1916000000000002     
   21.065600000000000       0.11749999999999999        3.2728999999999999     
   21.039800000000000       0.11724999999999999        3.2412999999999998     
   21.041399999999999       0.11720000000000000        3.3637000000000001     
   21.063099999999999       0.11724999999999999        3.4830999999999999     
   21.075299999999999       0.11720000000000000        3.7364000000000002     
   21.085699999999999       0.11730000000000000        4.0189000000000004     
   21.120000000000001       0.11710000000000000        3.7862000000000000     
   21.220099999999999       0.11680000000000000        3.3266000000000000     
   21.327300000000001       0.11630000000000000        3.0882999999999998     
   21.330400000000001       0.11609999999999999        2.8246000000000002     
   21.300400000000000       0.11595000000000000        3.3597000000000001     
   21.318700000000000       0.11595000000000000        3.6272000000000002     
   21.360099999999999       0.11600000000000001        3.7025999999999999     
   21.380700000000001       0.11595000000000000        3.7717000000000001     
   21.401299999999999       0.11595000000000000        3.6444000000000001     
   21.363399999999999       0.11609999999999999        2.9600000000000000     
   21.296900000000001       0.11630000000000000        2.9683000000000002     
   21.248500000000000       0.11609999999999999        3.5123000000000002     
   21.186699999999998       0.11615000000000000        3.3054999999999999     
   21.137100000000000       0.11660000000000000        3.2008000000000001     
   21.141600000000000       0.11700000000000001        2.7004999999999999     
   21.164300000000001       0.11680000000000000        3.1829000000000001     
   21.202999999999999       0.11660000000000000        3.6878000000000002     
   21.227900000000002       0.11660000000000000        3.6936000000000000     
   21.256599999999999       0.11655000000000000        3.6833000000000000     
   21.277600000000000       0.11640000000000000        3.0451999999999999     
   21.256699999999999       0.11620000000000000        2.7578000000000000     
   21.217199999999998       0.11630000000000000        2.7380000000000000     
   21.179900000000000       0.11645000000000000        2.5314999999999999     
   21.190500000000000       0.11645000000000000        2.5209000000000001     
   21.233100000000000       0.11620000000000000        2.4874000000000001     
   21.158300000000001       0.11609999999999999        2.5427000000000000     
   21.031199999999998       0.11615000000000000        2.0769000000000002     
   20.922000000000001       0.11625000000000001        2.0217999999999998     
   20.856500000000000       0.11635000000000000        1.8779999999999999     
   20.844700000000000       0.11625000000000001        2.0240999999999998     
   20.858300000000000       0.11615000000000000        1.8434999999999999     
   20.779899999999998       0.11630000000000000        1.5891000000000000     
   20.724800000000002       0.11655000000000000        1.8522000000000001     
   20.729500000000002       0.11695000000000000        1.9429000000000001     
   20.677000000000000       0.11735000000000000        2.1278999999999999     
   20.555900000000001       0.11760000000000000        2.1192000000000002     
   20.468899999999998       0.11770000000000000        1.7178000000000000     
   20.398299999999999       0.11770000000000000        1.7041999999999999     
   20.327700000000000       0.11774999999999999        1.6992000000000000     
   20.193199999999997       0.11799999999999999        1.2944000000000000     
   20.086900000000000       0.11810000000000000        1.2798000000000000     
   20.097000000000001       0.11835000000000000        1.7590000000000001E-002
   20.096100000000000       0.11849999999999999        1.0000000000000000E-002
   20.076599999999999       0.11835000000000000       0.44240000000000002     
   20.069299999999998       0.11835000000000000        1.2326999999999999     
   20.050300000000000       0.11830000000000000        1.2177000000000000     
   19.977899999999998       0.11840000000000001        1.1150000000000000     
   19.935800000000000       0.11830000000000000        1.0336000000000001     
   19.930199999999999       0.11799999999999999       0.65149999999999997     
   19.952100000000002       0.11780000000000000        1.6209999999999999E-002
   19.910899999999998       0.11765000000000000       0.21329999999999999     
   19.858899999999998       0.11765000000000000        1.0000000000000000E-002
   19.874499999999998       0.11749999999999999        1.0000000000000000E-002
   19.814999999999998       0.11745000000000000        1.0000000000000000E-002
   19.780200000000001       0.11749999999999999        1.8669999999999999E-002
   19.720300000000002       0.11805000000000000       0.24970000000000001     
   19.661000000000001       0.11835000000000000        1.8780000000000002E-002
   19.548000000000002       0.11849999999999999        8.3000000000000004E-002
   19.386200000000002       0.11855000000000000        1.0000000000000000E-002
   19.240800000000000       0.11855000000000000        1.0000000000000000E-002
   19.017200000000003       0.11845000000000000        1.0000000000000000E-002
   18.897399999999998       0.11855000000000000        1.0000000000000000E-002
   18.831200000000003       0.11865000000000001        1.0000000000000000E-002
   18.735300000000002       0.11860000000000000        1.0000000000000000E-002
   18.608300000000000       0.11855000000000000        1.0000000000000000E-002
   18.437100000000001       0.11885000000000000        1.0000000000000000E-002
   18.304200000000002       0.11915000000000001        1.0000000000000000E-002
   18.243000000000002       0.11930000000000000        1.0000000000000000E-002
   18.181800000000003       0.11950000000000000        1.0000000000000000E-002
   18.157899999999998       0.11970000000000000        1.0000000000000000E-002
   18.101500000000001       0.11985000000000000        1.0000000000000000E-002
   18.189900000000002       0.11960000000000000        1.0000000000000000E-002
   18.246700000000001       0.11940000000000001        1.0000000000000000E-002
   18.228000000000002       0.11910000000000000        1.0000000000000000E-002
   18.175699999999999       0.11905000000000000        1.0000000000000000E-002
   18.073799999999999       0.11930000000000000        1.0000000000000000E-002
   17.940500000000000       0.11970000000000000        1.0000000000000000E-002
   17.863599999999998       0.12010000000000000        1.0000000000000000E-002
   17.771599999999999       0.12015000000000001        1.0000000000000000E-002
   17.650800000000000       0.12005000000000000        1.0000000000000000E-002
   17.497299999999999       0.11990000000000001        1.0000000000000000E-002
   17.413399999999999       0.11990000000000001        1.0000000000000000E-002
   17.374700000000001       0.11995000000000000        1.0000000000000000E-002
   17.343499999999999       0.12005000000000000        1.0000000000000000E-002
   17.297499999999999       0.12005000000000000        1.0000000000000000E-002
   17.239699999999999       0.12005000000000000        1.0000000000000000E-002
   17.156800000000000       0.12005000000000000        1.0000000000000000E-002
   17.031300000000002       0.11995000000000000        1.0000000000000000E-002
   16.788800000000002       0.11980000000000000        1.0000000000000000E-002
   16.532699999999998       0.11985000000000000        1.0000000000000000E-002
   16.326599999999999       0.11990000000000001        1.0000000000000000E-002
   16.227399999999999       0.12005000000000000        1.0000000000000000E-002
   16.186799999999998       0.12020000000000000        1.0000000000000000E-002
   16.138900000000000       0.12035000000000000        1.0000000000000000E-002
   16.055300000000003       0.12030000000000000        1.0000000000000000E-002
   15.913300000000000       0.12015000000000001        1.0000000000000000E-002
   15.850700000000000       0.12000000000000000        1.0000000000000000E-002
   15.790800000000001       0.12025000000000000        1.0000000000000000E-002
   15.730900000000000       0.12050000000000000        1.0000000000000000E-002
   15.019640000000001       0.12095000000000000        1.0000000000000000E-002
   15.010280000000000       0.12110000000000000        1.0000000000000000E-002
   15.417500000000000       0.12139999999999999        1.0000000000000000E-002
   15.372199999999999       0.12139999999999999        1.0000000000000000E-002
   15.327500000000001       0.12145000000000000        1.0000000000000000E-002
   15.257000000000000       0.12160000000000000        1.0000000000000000E-002
   15.206400000000000       0.12170000000000000        1.0000000000000000E-002
   15.013310000000001       0.12155000000000001        1.0000000000000000E-002
   15.017899999999999       0.12155000000000001        1.0000000000000000E-002
   14.960699999999999       0.12170000000000000        1.0000000000000000E-002
   14.884700000000000       0.12189999999999999        1.0000000000000000E-002
   14.710000000000001       0.12265000000000000        1.0000000000000000E-002
   14.577299999999999       0.12285000000000000        1.0000000000000000E-002
   14.517500000000000       0.12255000000000001        1.0000000000000000E-002
   14.368499999999999       0.12239999999999999        1.0000000000000000E-002
   14.249400000000000       0.12255000000000001        1.0000000000000000E-002
   14.106299999999999       0.12275000000000000        1.0000000000000000E-002
   13.993800000000000       0.12255000000000001        1.0000000000000000E-002
   13.884900000000000       0.12225000000000000        1.0000000000000000E-002
   13.789300000000001       0.12200000000000000        1.0000000000000000E-002
   13.699400000000001       0.12200000000000000        1.0000000000000000E-002
   13.583399999999999       0.12214999999999999        1.0000000000000000E-002
   13.429200000000000       0.12239999999999999        1.0000000000000000E-002
   13.305999999999999       0.12245000000000000        1.0000000000000000E-002
   13.280799999999999       0.12230000000000001        1.0000000000000000E-002
   13.315400000000000       0.12225000000000000        1.0000000000000000E-002
   13.308100000000000       0.12235000000000000        1.0000000000000000E-002
   13.242800000000001       0.12270000000000000        1.0000000000000000E-002
   13.220400000000000       0.12275000000000000        1.0000000000000000E-002
   13.198000000000000       0.12285000000000000        1.0000000000000000E-002
   13.137300000000000       0.12275000000000000        1.0000000000000000E-002
   13.000700000000000       0.12280000000000001        1.0000000000000000E-002
   12.931600000000000       0.12290000000000000        1.0000000000000000E-002
   12.821100000000001       0.12280000000000001        1.0000000000000000E-002
   12.811000000000000       0.12250000000000000        1.0000000000000000E-002
   12.858799999999999       0.12230000000000001        1.0000000000000000E-002
   12.858100000000000       0.12205000000000001        1.0000000000000000E-002
   12.767700000000000       0.12189999999999999        1.0000000000000000E-002
   12.689399999999999       0.12170000000000000        1.0000000000000000E-002
   12.498100000000001       0.12160000000000000        1.0000000000000000E-002
   12.369399999999999       0.12164999999999999        1.0000000000000000E-002
   12.320399999999999       0.12185000000000000        1.0000000000000000E-002
   12.282600000000000       0.12175000000000000        1.0000000000000000E-002
   12.182300000000000       0.12164999999999999        1.0000000000000000E-002
   12.088899999999999       0.12155000000000001        1.0000000000000000E-002
   12.068200000000001       0.12160000000000000        1.0000000000000000E-002
   12.036799999999999       0.12164999999999999        1.0000000000000000E-002
   12.059500000000000       0.12170000000000000        1.0000000000000000E-002
   12.038599999999999       0.12185000000000000        1.0000000000000000E-002
   12.033000000000001       0.12200000000000000        1.0000000000000000E-002
   12.053000000000001       0.12230000000000001        1.0000000000000000E-002
   12.129799999999999       0.12270000000000000        1.0000000000000000E-002
   12.155799999999999       0.12285000000000000        1.0000000000000000E-002
   12.187300000000000       0.12300000000000000        1.0000000000000000E-002
   12.143699999999999       0.12305000000000001        1.0000000000000000E-002
   11.988400000000000       0.12280000000000001        1.0000000000000000E-002
   11.829699999999999       0.12290000000000000        1.0000000000000000E-002
   11.733699999999999       0.12280000000000001        1.0000000000000000E-002
   11.693899999999999       0.12250000000000000        1.0000000000000000E-002
   11.654100000000000       0.12225000000000000        1.0000000000000000E-002
   11.666800000000000       0.12205000000000001        1.0000000000000000E-002
   11.685100000000000       0.12214999999999999        1.0000000000000000E-002
   11.722500000000000       0.12230000000000001        1.0000000000000000E-002
   11.705600000000000       0.12239999999999999        1.0000000000000000E-002
